283.501242348898 -13.8781108215171 126.02625411123 30.2549123265741 124.693372461673
-13.8781108215171 31.2591596445414 -46.1581285594372 -40.4385276495591 -58.0456860808215
126.02625411123 -46.1581285594372 223.528912063652 60.1672277832832 228.681095420301
30.2549123265741 -40.4385276495591 60.1672277832832 65.9463367000299 75.0317409115608
124.693372461673 -58.0456860808215 228.681095420301 75.0317409115608 249.900755702902
284.129491854542 -16.1010835318178 121.959243198712 50.0770705432788 123.993711207467
-16.1010835318178 44.2498910621199 -51.2563714199857 -65.0649955169025 -67.3300144100343
121.959243198712 -51.2563714199857 231.632037000393 76.476044777284 235.521003297137
50.0770705432788 -65.0649955169025 76.476044777284 119.748986795058 100.277234643795
123.993711207467 -67.3300144100343 235.521003297137 100.277234643795 254.910462861844
257.709189547217 -2.25547253412318 91.1086955717276 35.0941083959253 103.893366542047
-2.25547253412318 57.0041617646515 -53.0181932931556 -81.7965704911111 -73.2085348049184
91.1086955717276 -53.0181932931556 195.04220550924 77.8874800623126 204.920456365949
35.0941083959253 -81.7965704911111 77.8874800623126 158.064052274946 114.214671245769
103.893366542047 -73.2085348049184 204.920456365949 114.214671245769 235.089735292918
260.477260610403 16.9750334786104 69.606266215253 52.0059383509697 104.100287004559
16.9750334786104 85.0805098134737 -76.8387788698199 -120.909139487272 -108.275625100638
69.606266215253 -76.8387788698199 213.923494049584 101.816656562996 227.894928969605
52.0059383509697 -120.909139487272 101.816656562996 232.558840593934 174.668216265882
104.100287004559 -108.275625100638 227.894928969605 174.668216265882 283.845239268108
256.470276724677 40.3522610295912 41.6366429400817 42.5616790622099 102.741902257141
40.3522610295912 175.543167869102 -115.601766078319 -166.265180586496 -173.372481375256
41.6366429400817 -115.601766078319 239.670952874458 79.7780904697016 258.391723112239
42.5616790622099 -166.265180586496 79.7780904697016 247.183549638755 192.631290806376
102.741902257141 -173.372481375256 258.391723112239 192.631290806376 356.732729051137
246.448280297226 79.5635021581286 17.8210833003995 21.5614681215715 92.3352999440602
79.5635021581286 226.015847418456 -147.873219319844 -127.764494779728 -183.569426281685
17.8210833003995 -147.873219319844 251.783775180585 55.5343022504996 251.170165133955
21.5614681215715 -127.764494779728 55.5343022504996 148.550804950922 137.12776693646
92.3352999440602 -183.569426281685 251.170165133955 137.12776693646 350.68489006456
262.946430858491 121.070730324646 15.2633972952152 19.6462597421707 101.477599578735
121.070730324646 292.691295763041 -173.465556823499 -113.803150920201 -198.244242697196
15.2633972952152 -173.465556823499 289.386513640898 46.4150313378529 293.060932912195
19.6462597421707 -113.803150920201 46.4150313378529 106.888750373105 112.344504755793
101.477599578735 -198.244242697196 293.060932912195 112.344504755793 397.402243269374
208.505733359966 126.349453175715 -7.85631973607322 3.72601472389816 71.8668675714127
126.349453175715 372.733707944748 -224.585812378131 -82.1592241680329 -200.202946041228
-7.85631973607322 -224.585812378131 310.108114029789 32.1987230781476 280.929953011739
3.72601472389816 -82.1592241680329 32.1987230781476 64.6186206537141 69.2480563475843
71.8668675714127 -200.202946041228 280.929953011739 69.2480563475843 353.417846218517
250.12349452575 145.479669929879 -11.7439520878264 -1.89665268572621 88.6917649783256
145.479669929879 414.833047553575 -251.408896866527 -83.8860340621719 -228.775871363712
-11.7439520878264 -251.408896866527 376.227174016691 21.9382206882777 334.394960159266
-1.89665268572621 -83.8860340621719 21.9382206882777 54.7271210699924 50.3545781141111
88.6917649783256 -228.775871363712 334.394960159266 50.3545781141111 395.987449815755
226.749012490405 123.167292821354 -11.2388117669623 -1.33971054273951 81.8613664149657
123.167292821354 450.37751134448 -264.914675131008 -63.2770169451907 -228.554044881342
-11.2388117669623 -264.914675131008 408.024222893561 15.4920628906332 343.725118253571
-1.33971054273951 -63.2770169451907 15.4920628906332 34.763375318727 29.4332897777706
81.8613664149657 -228.554044881342 343.725118253571 29.4332897777706 381.175926632426
222.353210936468 109.070985178637 -15.1932795025899 0.818993287584199 84.344513586332
109.070985178637 421.263448781891 -261.944688125921 -55.9591827735621 -225.81549929783
-15.1932795025899 -261.944688125921 445.577211661538 11.4347624736467 358.360564960467
0.818993287584199 -55.9591827735621 11.4347624736467 32.392797377183 27.1277094888862
84.344513586332 -225.81549929783 358.360564960467 27.1277094888862 382.875343030327
205.238936822782 108.893419906532 -8.71300635252412 -9.38992179625285 76.1916018798755
108.893419906532 400.283344995768 -250.150756607408 -61.9791060264509 -220.609596653462
-8.71300635252412 -250.150756607408 439.126346951863 14.131807513863 375.395657331932
-9.38992179625285 -61.9791060264509 14.131807513863 36.3327114501359 25.1511067144666
76.1916018798755 -220.609596653462 375.395657331932 25.1511067144666 406.090780969482
198.122217097229 99.2268269321857 -27.8548813891796 -1.94519063169725 61.3905539161466
99.2268269321857 356.348951154095 -220.009942272601 -48.0621356551455 -190.259922123835
-27.8548813891796 -220.009942272601 408.747723177803 6.74266456374705 334.257471608347
-1.94519063169725 -48.0621356551455 6.74266456374705 31.3803045046649 21.7518448837483
61.3905539161466 -190.259922123835 334.257471608347 21.7518448837483 372.437742931733
190.685224416372 122.139077728613 -37.2605683786763 -8.1952502595114 48.1828601451011
122.139077728613 349.341191977282 -220.376943157355 -39.5088485472565 -182.038921654558
-37.2605683786763 -220.376943157355 402.014394893342 3.46537221374797 322.337765716536
-8.1952502595114 -39.5088485472565 3.46537221374797 25.1019945638126 11.825490878121
48.1828601451011 -182.038921654558 322.337765716536 11.825490878121 348.32089267633
158.174401929279 92.0549859628977 -20.4638562597305 -4.78834015124409 51.00271360436
92.0549859628977 392.416409618993 -224.324570817537 -43.8217907015244 -171.84883780495
-20.4638562597305 -224.324570817537 365.850658649766 8.6824854347754 284.103339874301
-4.78834015124409 -43.8217907015244 8.6824854347754 33.2713181678304 14.6073336535971
51.00271360436 -171.84883780495 284.103339874301 14.6073336535971 303.769862085525
195.46008637132 117.298802935873 -44.7886656635909 2.04557984965931 43.7312866128952
117.298802935873 314.498691703484 -217.474703564371 -33.0662112075397 -168.901526607667
-44.7886656635909 -217.474703564371 406.156041758522 8.44305248929678 328.904051149954
2.04557984965931 -33.0662112075397 8.44305248929678 24.2776334116522 16.1446683567545
43.7312866128952 -168.901526607667 328.904051149954 16.1446683567545 352.665206368274
189.458155624852 109.749223574956 -37.1900798306165 -5.22465952275886 49.4087541833658
109.749223574956 277.60879480699 -204.827882254692 -49.263904319057 -169.801209910049
-37.1900798306165 -204.827882254692 413.249973034881 9.1631601324089 340.054649781439
-5.22465952275886 -49.263904319057 9.1631601324089 32.2365347039552 17.3835242279965
49.4087541833658 -169.801209910049 340.054649781439 17.3835242279965 374.506989531664
177.928935763817 81.5568682743129 -16.5442147632544 1.30776262971424 42.6766246652386
81.5568682743129 250.04416487762 -168.629339042737 -58.7283457462438 -149.082024696268
-16.5442147632544 -168.629339042737 386.999965443779 12.8492803988664 326.771473099397
1.30776262971424 -58.7283457462438 12.8492803988664 35.7243336273536 23.4047765598328
42.6766246652386 -149.082024696268 326.771473099397 23.4047765598328 358.178562744004
186.866896754899 84.8841006300215 -34.2221088905574 -5.96369238292124 17.5360170271105
84.8841006300215 212.833782769525 -150.636922769553 -62.8286893661384 -144.324059629501
-34.2221088905574 -150.636922769553 366.686676915238 18.9907361078941 310.408478740924
-5.96369238292124 -62.8286893661384 18.9907361078941 39.0651173924403 27.7681149515573
17.5360170271105 -144.324059629501 310.408478740924 27.7681149515573 334.612317301016
182.48007093015 90.2758153947496 -48.7875984224197 -16.2801857487035 4.03095226968929
90.2758153947496 166.683664832673 -131.450824680253 -57.8561688222844 -120.784700505921
-48.7875984224197 -131.450824680253 385.44611413293 20.3347853942825 325.799397273905
-16.2801857487035 -57.8561688222844 20.3347853942825 39.5232528831716 23.1704134611276
4.03095226968929 -120.784700505921 325.799397273905 23.1704134611276 344.035874145342
168.874222694649 68.1775455300738 -41.3515628271514 -14.5421373481289 -15.1113861438283
68.1775455300738 167.527442204032 -125.632546977706 -57.0821244809955 -108.985590330816
-41.3515628271514 -125.632546977706 367.65295717104 23.8668192614868 309.570101674855
-14.5421373481289 -57.0821244809955 23.8668192614868 35.5833623529765 20.5525466339434
-15.1113861438283 -108.985590330816 309.570101674855 20.5525466339434 324.804869385921
167.865848642984 81.2207027388145 -40.1614645459554 -39.0593357891771 -26.565788435545
81.2207027388145 194.295749837313 -152.197428781803 -98.9317224293392 -140.56803611539
-40.1614645459554 -152.197428781803 356.752206112266 61.0982736359616 302.325902620324
-39.0593357891771 -98.9317224293392 61.0982736359616 67.0606112214203 53.3793452857364
-26.565788435545 -140.56803611539 302.325902620324 53.3793452857364 328.416442779397
153.505256759686 48.2338853951358 -35.6954617072207 -37.106164091037 -39.8546174816767
48.2338853951358 97.5463918446468 -88.1742676400621 -59.331225793822 -84.9140108093843
-35.6954617072207 -88.1742676400621 345.949506057514 37.5747436611653 300.257078157518
-37.106164091037 -59.331225793822 37.5747436611653 50.2952776108689 37.1437222028744
-39.8546174816767 -84.9140108093843 300.257078157518 37.1437222028744 330.014714066031
157.408947996207 39.3291361883639 -35.7436335959933 -37.7278701832474 -40.4508953350144
39.3291361883639 115.122560299903 -106.145550593758 -81.0184803801139 -103.781931145907
-35.7436335959933 -106.145550593758 346.616394460263 67.9919114363991 301.470903258141
-37.7278701832474 -81.0184803801139 67.9919114363991 69.7198423713606 64.1147827535097
-40.4508953350144 -103.781931145907 301.470903258141 64.1147827535097 324.696251771046
155.742022092287 28.0633798054189 -21.1705374189846 -31.5033214556737 -29.1630032298545
28.0633798054189 117.594014476102 -70.9237942792994 -83.9519692529266 -68.2622628068755
-21.1705374189846 -70.9237942792994 268.249120741786 59.8200768974117 233.754854228099
-31.5033214556737 -83.9519692529266 59.8200768974117 80.5735849648079 53.1474921043008
-29.1630032298545 -68.2622628068755 233.754854228099 53.1474921043008 256.596009339983
163.892656721851 16.0486055994442 11.9222829424386 -20.3980356322144 15.868318883252
16.0486055994442 129.23549620612 -90.7056707602832 -89.8472456571977 -95.9450861140396
11.9222829424386 -90.7056707602832 313.541613795267 81.1261855398701 296.365983513421
-20.3980356322144 -89.8472456571977 81.1261855398701 84.5791822174022 75.9835962086976
15.868318883252 -95.9450861140396 296.365983513421 75.9835962086976 309.495776714123
139.73733375367 -9.27873494764625 41.4526706651632 5.21384729596356 43.5700488643577
-9.27873494764625 142.8018422705 -77.3175340964428 -102.526925567218 -79.1364277135032
41.4526706651632 -77.3175340964428 231.513504589896 81.4702406074674 220.166593870175
5.21384729596356 -102.526925567218 81.4702406074674 134.735575182361 77.4411904455721
43.5700488643577 -79.1364277135032 220.166593870175 77.4411904455721 228.053127393371
163.504823505371 -16.4531532016397 61.6868468214817 15.2680539485501 68.4490657807119
-16.4531532016397 132.314623101459 -69.0833342119951 -91.2560784005238 -79.475067727868
61.6868468214817 -69.0833342119951 255.80714302608 73.0228825290483 249.04239510406
15.2680539485501 -91.2560784005238 73.0228825290483 111.447803899599 77.848426444051
68.4490657807119 -79.475067727868 249.04239510406 77.848426444051 257.630574657167
193.846619287597 -2.60048866628154 69.7994165684103 11.0962642637117 75.696961531891
-2.60048866628154 138.167557636917 -76.1598806099442 -117.295096692355 -88.2594200518581
69.7994165684103 -76.1598806099442 270.78521998748 107.759255969823 274.23925328201
11.0962642637117 -117.295096692355 107.759255969823 168.95028548475 111.814028448117
75.696961531891 -88.2594200518581 274.23925328201 111.814028448117 285.461469695802
215.471909527873 -18.3250722939897 92.6732206835326 29.4105448375814 96.7796037737626
-18.3250722939897 198.193433600413 -90.3809104875353 -160.752826741491 -105.102189773166
92.6732206835326 -90.3809104875353 279.841116903371 143.176377187403 288.199680713303
29.4105448375814 -160.752826741491 143.176377187403 272.116960362029 154.935590586944
96.7796037737626 -105.102189773166 288.199680713303 154.935590586944 300.90455308165
258.882562171395 -68.6384987563032 114.095246795515 82.3223250532939 121.669638409959
-68.6384987563032 386.155884182487 -115.641596969174 -274.921754108139 -147.418103212485
114.095246795515 -115.641596969174 298.132156232354 196.877592659826 309.224142351655
82.3223250532939 -274.921754108139 196.877592659826 452.933853722949 217.065688787452
121.669638409959 -147.418103212485 309.224142351655 217.065688787452 325.817525199968
268.022815186017 -93.9132864307236 111.692485918979 118.63153142541 116.620299790496
-93.9132864307236 618.177162007495 -160.507569217114 -429.344666936946 -189.797927705869
111.692485918979 -160.507569217114 272.059656246773 214.842362177154 275.255596817238
118.63153142541 -429.344666936946 214.842362177154 721.795327389055 223.954698469796
116.620299790496 -189.797927705869 275.255596817238 223.954698469796 284.107750024757
331.651422195369 -185.352814255697 120.157370278999 212.134147300693 125.966799452158
-185.352814255697 914.24046395925 -122.16114311719 -570.897397121884 -183.97128839164
120.157370278999 -122.16114311719 223.448101980929 223.544146441 221.129908007986
212.134147300693 -570.897397121884 223.544146441 921.68808573138 222.348089546188
125.966799452158 -183.97128839164 221.129908007986 222.348089546188 236.308146640642
335.321317110507 -148.438250728435 77.8478759003623 185.627468012293 78.7862699345282
-148.438250728435 867.610681692908 32.4571761753035 -359.820167189643 -76.2056670442495
77.8478759003623 32.4571761753035 174.228272779336 84.0760509663492 134.357337121753
185.627468012293 -359.820167189643 84.0760509663492 787.493371576904 39.2985260172897
78.7862699345282 -76.2056670442495 134.357337121753 39.2985260172897 146.341428231147
378.353507350823 -111.665501901908 42.8507424958849 149.364561984085 43.2518764638841
-111.665501901908 455.131063764673 167.793691395669 -204.729828300283 41.9295373214308
42.8507424958849 167.793691395669 203.793882564502 -21.3227275575171 121.231032529062
149.364561984085 -204.729828300283 -21.3227275575171 404.625002824044 -68.449977417085
43.2518764638841 41.9295373214308 121.231032529062 -68.449977417085 147.045542489468
313.323139908426 -60.3765605911677 19.7582049368675 56.4006478726069 7.68593754118123
-60.3765605911677 362.141035420469 165.729857793672 -82.5298625187448 43.7984837221171
19.7582049368675 165.729857793672 232.278024574143 -36.453739568662 144.942924400279
56.4006478726069 -82.5298625187448 -36.453739568662 142.708435009957 -78.1000134593203
7.68593754118123 43.7984837221171 144.942924400279 -78.1000134593203 197.183843767007
266.343803424185 -54.527093564114 -4.96545001689122 17.4094510484338 -8.48938333062391
-54.527093564114 208.014439293307 156.405643719142 -35.9303690144642 74.3850387292724
-4.96545001689122 156.405643719142 225.862940157194 -25.2242890174362 148.767030011635
17.4094510484338 -35.9303690144642 -25.2242890174362 32.6235760312535 -45.1807653286822
-8.48938333062391 74.3850387292724 148.767030011635 -45.1807653286822 202.802104155025
187.490835886786 -49.6677370794347 -7.52483279357044 4.57029388823141 1.50204121781298
-49.6677370794347 206.814041347948 140.380782516983 -24.4428855613982 32.0826704271474
-7.52483279357044 140.380782516983 214.161907449334 -15.4267179306273 117.850419091526
4.57029388823141 -24.4428855613982 -15.4267179306273 29.8885497433286 -22.8358987607224
1.50204121781298 32.0826704271474 117.850419091526 -22.8358987607224 155.223064738576
131.312035472479 -25.0627924072137 -11.5912823247015 -1.07856397446615 4.90044901728093
-25.0627924072137 136.352520933013 125.149203577058 -29.881046083235 29.5489791109161
-11.5912823247015 125.149203577058 217.705086954812 -11.32878640957 117.703446498539
-1.07856397446615 -29.881046083235 -11.32878640957 30.2065193787459 -9.50120637374555
4.90044901728093 29.5489791109161 117.703446498539 -9.50120637374555 140.077553437656
111.438641127091 -26.8057580797398 -10.9203014352932 -1.60671667806548 9.75207642820929
-26.8057580797398 175.261966262565 131.681347486165 -26.6429292073149 18.0319557938387
-10.9203014352932 131.681347486165 194.96755296089 -10.5845287448996 97.2795850393622
-1.60671667806548 -26.6429292073149 -10.5845287448996 23.7167440582348 -2.52424287685588
9.75207642820929 18.0319557938387 97.2795850393622 -2.52424287685588 107.741335567063
72.7560602167394 -6.18553367740934 -10.8676783776755 -6.45126820321551 2.23406314510325
-6.18553367740934 176.915445254629 135.544018739203 -24.9637439776635 11.445363513732
-10.8676783776755 135.544018739203 187.929958483838 -8.27117360376442 79.0024266406246
-6.45126820321551 -24.9637439776635 -8.27117360376442 18.5255479646242 4.16704984140537
2.23406314510325 11.445363513732 79.0024266406246 4.16704984140537 84.1464642594117
64.5009406687915 -8.05799601487639 -7.87120192073503 -7.17567873811126 3.38737484822306
-8.05799601487639 199.204869982013 141.323034446777 -17.7982177852751 3.24771085678663
-7.87120192073503 141.323034446777 170.522917996737 -1.54682765184638 61.3231377066954
-7.17567873811126 -17.7982177852751 -1.54682765184638 13.6059610479518 9.20283878286967
3.38737484822306 3.24771085678663 61.3231377066954 9.20283878286967 70.6265970382865
58.024518838393 -14.4610521453872 -13.1707191735698 -5.4882099104508 2.21409089348219
-14.4610521453872 229.642211471645 155.087942099369 -13.9157016388162 4.37894861466612
-13.1707191735698 155.087942099369 175.022197262855 2.16813291696169 59.6707472147096
-5.4882099104508 -13.9157016388162 2.16813291696169 10.6218313264664 10.9918085748495
2.21409089348219 4.37894861466612 59.6707472147096 10.9918085748495 65.915929296529
54.487933060441 -16.9962130085088 -17.7300773971986 -7.18444016087208 3.54710173292566
-16.9962130085088 194.530968284297 150.790505150067 -7.89878315044874 4.47585233246805
-17.7300773971986 150.790505150067 177.101822089278 3.14919876229711 54.2326069687218
-7.18444016087208 -7.89878315044874 3.14919876229711 9.13080330682335 9.81641495881938
3.54710173292566 4.47585233246805 54.2326069687218 9.81641495881938 59.7041656357858
53.9952352329054 -18.9334124526519 -12.3651597427501 -6.13689764694113 5.29759482917731
-18.9334124526519 317.951746449846 215.050001920029 -14.1389365796906 5.94565552072409
-12.3651597427501 215.050001920029 204.659403428228 -0.47151090080257 52.7498009520868
-6.13689764694113 -14.1389365796906 -0.47151090080257 11.4494434721664 10.3664505675166
5.29759482917731 5.94565552072409 52.7498009520868 10.3664505675166 60.5737918487698
50.1730493785134 -24.6506799033028 -15.9497812087827 -4.37717338226256 2.72534235841236
-24.6506799033028 375.169727470109 246.565405369578 -10.0046510964558 10.8241537488685
-15.9497812087827 246.565405369578 212.567494060269 0.262491080495998 53.6557848495787
-4.37717338226256 -10.0046510964558 0.262491080495998 11.3100408508379 10.3305161995575
2.72534235841236 10.8241537488685 53.6557848495787 10.3305161995575 59.7882412194388
51.9483864998282 -21.0714529988697 -13.741812261791 -5.29555554293442 3.5706939527644
-21.0714529988697 281.547522527302 196.739845707417 -13.0520466301084 17.9512788838058
-13.741812261791 196.739845707417 194.159962971951 -4.25848708260382 57.4672471486012
-5.29555554293442 -13.0520466301084 -4.25848708260382 11.883182241513 7.94520581810862
3.5706939527644 17.9512788838058 57.4672471486012 7.94520581810862 53.7758834600201
53.3093676521264 -26.8225253404143 -13.8035394262537 -5.91548707787874 5.60127052794824
-26.8225253404143 419.833363791036 239.364656952029 -20.7939426657022 14.1936951617716
-13.8035394262537 239.364656952029 194.556788911641 -7.71632540236296 53.1616212655325
-5.91548707787874 -20.7939426657022 -7.71632540236296 13.4258973603322 4.57609093494759
5.60127052794824 14.1936951617716 53.1616212655325 4.57609093494759 52.9993546121106
