297.973589423847 -16.2591262108082 134.869081466403 31.2300588209442 133.190317258623
-16.2591262108082 43.3240073055529 -50.9982849033052 -44.1817227921367 -63.7143798119381
134.869081466403 -50.9982849033052 238.026267822282 61.438861694468 241.811483156018
31.2300588209442 -44.1817227921367 61.438861694468 93.4976590370562 77.5245167996127
133.190317258623 -63.7143798119381 241.811483156018 77.5245167996127 263.683151651189
289.851287293449 -16.7738484978322 126.445108284337 47.9513595351715 128.384925067071
-16.7738484978322 66.4365312677305 -56.9745027550738 -66.7759472519591 -72.6496254773826
126.445108284337 -56.9745027550738 239.719273058968 78.9958191388317 242.716165565441
47.9513595351715 -66.7759472519591 78.9958191388317 161.951416715879 104.788220336001
128.384925067071 -72.6496254773826 242.716165565441 104.788220336001 264.666626138591
272.991809221317 -5.38651353235251 102.473462054401 41.3764319801201 114.854647760401
-5.38651353235251 95.7798524159331 -65.1649102620529 -88.4991342506621 -84.7010909181136
102.473462054401 -65.1649102620529 219.849086251341 86.4445227112238 226.309930017598
41.3764319801201 -88.4991342506621 86.4445227112238 223.176208731755 129.191546653633
114.854647760401 -84.7010909181136 226.309930017598 129.191546653633 261.764034993613
269.217349479513 11.285325083359 77.4029825680335 57.5328525501618 112.222127580199
11.285325083359 179.583883687046 -104.159299997834 -128.251117047594 -129.021333151771
77.4029825680335 -104.159299997834 238.090015624485 102.94354873019 240.428419413847
57.5328525501618 -128.251117047594 102.94354873019 313.91456703812 181.322857236928
112.222127580199 -129.021333151771 240.428419413847 181.322857236928 301.715000738493
260.864197106173 38.4470409489211 45.9454153988556 47.669124720232 106.965114116442
38.4470409489211 323.358150040832 -159.108853866741 -157.547197022583 -190.191059081062
45.9454153988556 -159.108853866741 272.860106887872 83.6347169667437 267.64016449236
47.669124720232 -157.547197022583 83.6347169667437 319.384914879453 194.977157585631
106.965114116442 -190.191059081062 267.64016449236 194.977157585631 370.470510382151
252.705717261139 74.9829384374595 21.531137108641 32.6177649747508 99.1732765725148
74.9829384374595 462.724705059478 -216.615101156424 -132.373797221273 -208.24719524607
21.531137108641 -216.615101156424 296.328143943981 59.18969470334 265.87810602396
32.6177649747508 -132.373797221273 59.18969470334 224.657085137256 149.256310765428
99.1732765725148 -208.24719524607 265.87810602396 149.256310765428 372.696727126646
266.573268171032 112.940263350145 20.049612553754 22.3971235302944 106.913689416351
112.940263350145 586.071127701799 -267.549300011146 -123.662231724991 -227.178118620596
20.049612553754 -267.549300011146 348.567656493236 49.3938125112032 307.640229035241
22.3971235302944 -123.662231724991 49.3938125112032 163.929747369707 117.602097975034
106.913689416351 -227.178118620596 307.640229035241 117.602097975034 412.745687544171
224.549858797848 122.547912331744 -4.2305338970824 9.51396085672416 81.0586046346211
122.547912331744 709.300298965268 -334.782713992618 -96.9148620230802 -230.690254868426
-4.2305338970824 -334.782713992618 388.32010076207 36.8164617897393 305.261797131799
9.51396085672416 -96.9148620230802 36.8164617897393 113.773159255505 82.0603544631446
81.0586046346211 -230.690254868426 305.261797131799 82.0603544631446 381.56547141382
253.929692846333 135.541158621311 -8.12024539029764 4.75638866634368 93.1101357106945
135.541158621311 808.554476500194 -381.120838772882 -90.2430448814765 -254.790927166208
-8.12024539029764 -381.120838772882 459.964308680503 24.7470623723682 352.913583439625
4.75638866634368 -90.2430448814765 24.7470623723682 89.0728440694771 58.6604395613072
93.1101357106945 -254.790927166208 352.913583439625 58.6604395613072 415.509244307586
234.097232698103 116.306267646572 -7.88841583155812 2.74293266842868 87.0441778686754
116.306267646572 865.827740385911 -403.809593810803 -68.7162074551728 -250.169484622593
-7.88841583155812 -403.809593810803 506.735594524895 17.7908716350166 366.844770622197
2.74293266842868 -68.7162074551728 17.7908716350166 59.4037369718584 35.9202209133467
87.0441778686754 -250.169484622593 366.844770622197 35.9202209133467 404.087271371945
227.140053351203 106.886600234496 -13.1535322979595 3.742631951092 86.6083775488145
106.886600234496 826.224429985369 -385.500265841904 -65.594624529102 -235.332568053676
-13.1535322979595 -385.500265841904 524.064600785344 14.6409137463 371.694775818166
3.742631951092 -65.594624529102 14.6409137463 57.4597050629864 32.2408313368653
86.6083775488145 -235.332568053676 371.694775818166 32.2408313368653 402.26949405103
211.721044892151 95.8737038151179 -5.94968841656783 -1.35565700563888 81.6536774891312
95.8737038151179 829.204317454965 -388.34477357811 -72.6550019180796 -245.948998993545
-5.94968841656783 -388.34477357811 533.321398226994 16.9774380264244 391.520029068452
-1.35565700563888 -72.6550019180796 16.9774380264244 64.4240720769737 32.2736985326274
81.6536774891312 -245.948998993545 391.520029068452 32.2736985326274 421.552070581412
207.053553409532 98.2851893418303 -26.186741722429 2.18374212295907 65.4347008896475
98.2851893418303 787.999203045449 -369.927939634547 -62.3911305779707 -214.157640262432
-26.186741722429 -369.927939634547 512.064209295684 9.96938427428688 357.343986219993
2.18374212295907 -62.3911305779707 9.96938427428688 63.2252690235915 28.0626145275814
65.4347008896475 -214.157640262432 357.343986219993 28.0626145275814 396.69505663807
197.25023157836 109.682570664312 -33.2545309093657 -3.28200121716431 53.1505959499144
109.682570664312 760.532293532805 -361.693998891891 -55.1823118061525 -207.450230999578
-33.2545309093657 -361.693998891891 507.112445640787 9.81895028312408 343.938181460656
-3.28200121716431 -55.1823118061525 9.81895028312408 55.0370902160266 22.6907675216592
53.1505959499144 -207.450230999578 343.938181460656 22.6907675216592 372.969415061696
182.026941117991 91.1998683954174 -23.0479355927439 1.48308699159385 60.5637148530083
91.1998683954174 804.869471687671 -353.986028188978 -69.751861777222 -199.372224821878
-23.0479355927439 -353.986028188978 472.448634511675 16.3556201586711 324.247962801811
1.48308699159385 -69.751861777222 16.3556201586711 78.2444823707458 29.7848783902464
60.5637148530083 -199.372224821878 324.247962801811 29.7848783902464 357.747904139035
201.912387457748 108.273451117163 -37.221721685675 5.95824129090705 52.1821666509293
108.273451117163 743.615469465104 -358.362113694339 -67.1494891244226 -200.815096968166
-37.221721685675 -358.362113694339 502.248288337953 18.2612650548271 351.490732197392
5.95824129090705 -67.1494891244226 18.2612650548271 77.3503111570267 34.5556564398427
52.1821666509293 -200.815096968166 351.490732197392 34.5556564398427 388.785599459562
193.832033068595 94.0334689284922 -29.880783320631 3.0222342602767 54.015541827554
94.0334689284922 608.819714690855 -299.820650338916 -69.5458369864077 -179.736686354118
-29.880783320631 -299.820650338916 485.298741292137 16.3636621042926 347.614912814205
3.0222342602767 -69.5458369864077 16.3636621042926 78.4343740191684 31.9063468451809
54.015541827554 -179.736686354118 347.614912814205 31.9063468451809 395.133953681265
188.24142117808 78.2883991541769 -15.9948650128721 2.58420363899167 46.8856165833753
78.2883991541769 581.521280484342 -273.720510509263 -90.6328396194856 -171.945204096636
-15.9948650128721 -273.720510509263 467.451279792202 24.2262813355972 347.998874783662
2.58420363899167 -90.6328396194856 24.2262813355972 98.3139033682605 42.8948878733741
46.8856165833753 -171.945204096636 347.998874783662 42.8948878733741 398.686457469048
192.782643259701 76.1955222007417 -31.1927029281106 -1.76506004190518 21.6684585005954
76.1955222007417 516.773273243955 -243.654621168082 -106.021246556802 -159.388424373261
-31.1927029281106 -243.654621168082 448.410685688839 34.4500480952615 331.344669127814
-1.76506004190518 -106.021246556802 34.4500480952615 122.354355967636 54.3932296442009
21.6684585005954 -159.388424373261 331.344669127814 54.3932296442009 387.800265048806
188.186011632702 81.6234128002821 -42.4213065221138 -9.85343770060195 6.60398054950638
81.6234128002821 472.36659198895 -230.598412141971 -104.135875073288 -144.909937297909
-42.4213065221138 -230.598412141971 472.537322124505 35.9766050292945 347.667602604119
-9.85343770060195 -104.135875073288 35.9766050292945 123.328919572016 50.250221451374
6.60398054950638 -144.909937297909 347.667602604119 50.250221451374 396.492701741296
180.0759754528 63.098062726812 -35.3213893879981 -10.7250948452391 -10.7995167551983
63.098062726812 428.154566427907 -207.174522583536 -113.6524972051 -127.969672689169
-35.3213893879981 -207.174522583536 446.37227161883 42.4853618452638 335.826519859594
-10.7250948452391 -113.6524972051 42.4853618452638 143.988004810638 57.302422137726
-10.7995167551983 -127.969672689169 335.826519859594 57.302422137726 395.156210720122
177.705035561883 73.1918469712564 -36.1858309953273 -27.5786670463585 -20.4002589663788
73.1918469712564 442.964256814883 -218.48257419199 -166.080488354173 -156.715445021044
-36.1858309953273 -218.48257419199 424.166028276274 79.8370361721382 329.253779978218
-27.5786670463585 -166.080488354173 79.8370361721382 197.723465212782 96.5833544575551
-20.4002589663788 -156.715445021044 329.253779978218 96.5833544575551 401.299309525334
163.080390440439 42.8868587442114 -32.1894888218441 -28.4584406555253 -35.4315335954355
42.8868587442114 308.191311972383 -150.687808428775 -140.753409998072 -110.011956278883
-32.1894888218441 -150.687808428775 416.228041970754 66.7059530183872 331.920694878141
-28.4584406555253 -140.753409998072 66.7059530183872 177.238491870068 82.1736012814251
-35.4315335954355 -110.011956278883 331.920694878141 82.1736012814251 399.099046434453
166.260017476098 31.096797137242 -31.4595041709305 -26.4102124182348 -37.7825821137184
31.096797137242 331.252369353261 -165.943311793547 -172.209443560565 -130.006476472997
-31.4595041709305 -165.943311793547 413.308745100309 92.2866568895505 332.516512545707
-26.4102124182348 -172.209443560565 92.2866568895505 222.559626272156 108.659750523655
-37.7825821137184 -130.006476472997 332.516512545707 108.659750523655 391.290004318644
169.250837393987 15.0031347287286 -11.1775951842136 -18.7862032367165 -23.2009832829188
15.0031347287286 298.154857707679 -129.583754121679 -165.15413955094 -102.023171242452
-11.1775951842136 -129.583754121679 352.523612132321 88.8330872195253 289.015735698449
-18.7862032367165 -165.15413955094 88.8330872195253 229.949273441385 105.269635054392
-23.2009832829188 -102.023171242452 289.015735698449 105.269635054392 340.621634821214
173.624811887886 -6.5137504666934 21.2539277842971 0.583237767401565 23.3240124575238
-6.5137504666934 335.666287373444 -145.878791104424 -182.772558623984 -125.503147359576
21.2539277842971 -145.878791104424 370.724291241644 111.340516546389 326.761119754798
0.583237767401565 -182.772558623984 111.340516546389 252.507470983134 123.376874109924
23.3240124575238 -125.503147359576 326.761119754798 123.376874109924 356.627733253121
158.188887251799 -30.2314851907464 51.0284451302069 24.4829041072447 51.9608020971748
-30.2314851907464 320.577263463011 -128.595752421618 -188.020065727467 -112.321986481241
51.0284451302069 -128.595752421618 286.678190243147 109.501758216475 256.720548508555
24.4829041072447 -188.020065727467 109.501758216475 291.198416876226 124.514228527425
51.9608020971748 -112.321986481241 256.720548508555 124.514228527425 278.203731747605
177.588340442506 -38.3160308186276 71.2855617346747 38.7759773672586 77.5860808116995
-38.3160308186276 329.548676752629 -121.879447188097 -196.765719784388 -113.679730762691
71.2855617346747 -121.879447188097 299.35141972016 110.341772463397 277.898745633507
38.7759773672586 -196.765719784388 110.341772463397 306.78694145349 132.326831978758
77.5860808116995 -113.679730762691 277.898745633507 132.326831978758 293.668184238819
207.812676745207 -30.7562592689592 83.6852925150445 40.323964192095 90.4101498627209
-30.7562592689592 356.963396449528 -135.280043272831 -221.103923530154 -127.068567022401
83.6852925150445 -135.280043272831 309.96143571057 143.136606909685 300.89993152612
40.323964192095 -221.103923530154 143.136606909685 414.30344179075 175.912392560611
90.4101498627209 -127.068567022401 300.89993152612 175.912392560611 320.853939942457
225.145294685807 -49.8481291678952 102.913654345041 61.2163749888231 106.296645390562
-49.8481291678952 501.070184223265 -160.364702790717 -271.536763141364 -138.097714802065
102.913654345041 -160.364702790717 312.77043410141 170.992381831616 304.129132799246
61.2163749888231 -271.536763141364 170.992381831616 594.285591450516 220.303118781209
106.296645390562 -138.097714802065 304.129132799246 220.303118781209 326.605311198718
267.688588322709 -94.9834768345923 127.199531869899 109.76779629356 133.288369135502
-94.9834768345923 742.723579543207 -208.754277829555 -411.489450496386 -192.904166525408
127.199531869899 -208.754277829555 339.616616656163 235.84681756411 331.499488467201
109.76779629356 -411.489450496386 235.84681756411 889.58116744537 311.481631271779
133.288369135502 -192.904166525408 331.499488467201 311.481631271779 365.324151631197
280.083206209645 -123.595652272186 128.651015387127 156.653341012949 133.189073693317
-123.595652272186 1131.81167372501 -270.222674821462 -606.537078014351 -241.232275549084
128.651015387127 -270.222674821462 329.107839224676 278.618594397237 310.154720166486
156.653341012949 -606.537078014351 278.618594397237 1253.98192960447 368.936027215269
133.189073693317 -241.232275549084 310.154720166486 368.936027215269 353.678547357104
342.311098318498 -201.609741519344 134.480952295786 232.286850881308 137.526156667804
-201.609741519344 1456.10160286642 -248.784142433351 -725.769432237432 -241.366265412085
134.480952295786 -248.784142433351 301.309895796536 284.129034611535 264.933699400724
232.286850881308 -725.769432237432 284.129034611535 1544.03809045244 378.212065964096
137.526156667804 -241.366265412085 264.933699400724 378.212065964096 316.630648546294
344.276787072567 -169.797576344817 87.1775569909165 198.153585090375 87.2360117569233
-169.797576344817 1432.0770818325 -100.119832806142 -518.854810658417 -140.368902358725
87.1775569909165 -100.119832806142 260.989739636306 140.493384497504 178.642964339163
198.153585090375 -518.854810658417 140.493384497504 1353.71956386924 198.569071063938
87.2360117569233 -140.368902358725 178.642964339163 198.569071063938 238.249171881018
387.207434109692 -138.721458679182 55.1583975208501 160.525466355323 53.5419685190813
-138.721458679182 992.667834216678 29.926876141283 -345.13546758335 -42.3326845820805
55.1583975208501 29.926876141283 286.439270671419 44.4834830983842 170.455028276971
160.525466355323 -345.13546758335 44.4834830983842 838.857480966814 74.435861243668
53.5419685190813 -42.3326845820805 170.455028276971 74.435861243668 227.866110129503
327.620092720698 -75.532669447565 27.5118233628316 60.7353224778091 16.5559281339903
-75.532669447565 716.88819053304 114.420991942473 -140.197560955775 23.4206356302101
27.5118233628316 114.420991942473 283.931259621684 -8.00881724495758 170.722491696529
60.7353224778091 -140.197560955775 -8.00881724495758 382.28168559264 -14.7811761066316
16.5559281339903 23.4206356302101 170.722491696529 -14.7811761066316 239.554180726722
276.362150771474 -72.3007441033559 4.840798097822 17.7303117990107 0.587164822614837
-72.3007441033559 548.390499844964 130.584208337207 -61.1141598865133 53.7418261692464
4.840798097822 130.584208337207 274.919062144004 -6.34390726934704 167.844925761855
17.7303117990107 -61.1141598865133 -6.34390726934704 111.825738869309 -15.8605422979326
0.587164822614837 53.7418261692464 167.844925761855 -15.8605422979326 225.471786336909
203.49065746238 -51.0580284093224 4.90903433194504 4.73870446819406 11.2041451601308
-51.0580284093224 467.904097894034 144.46134520698 -35.0904501473274 28.689601910178
4.90903433194504 144.46134520698 259.206030190128 -6.16722399121435 140.268553859764
4.73870446819406 -35.0904501473274 -6.16722399121435 49.5147857140805 -11.4485739797821
11.2041451601308 28.689601910178 140.268553859764 -11.4485739797821 179.795718687146
142.583868583872 -27.5569962831823 -0.404212027776015 0.360657949711682 14.8094900421266
-27.5569962831823 333.923626678728 147.431598691478 -32.1502434063921 26.9749317884535
-0.404212027776015 147.431598691478 248.447151060203 -11.2423641931969 132.160156892098
0.360657949711682 -32.1502434063921 -11.2423641931969 36.2502391584411 -8.70064007394882
14.8094900421266 26.9749317884535 132.160156892098 -8.70064007394882 155.812664367532
121.035477015444 -31.0405277406821 -0.781163543446752 -1.3741183671893 19.3156650227691
-31.0405277406821 369.304888642316 169.488201433951 -28.2894297148942 18.6112624038809
-0.781163543446752 169.488201433951 232.967633028607 -12.6120423956455 111.291270270494
-1.3741183671893 -28.2894297148942 -12.6120423956455 30.4666147260765 -4.80549251836227
19.3156650227691 18.6112624038809 111.291270270494 -4.80549251836227 126.181212990341
87.6036095187313 -15.7849898580792 -1.2472758892266 -4.99157608601049 14.5745128001215
-15.7849898580792 342.671194530328 185.240848963762 -24.5149887917146 5.98381850978578
-1.2472758892266 185.240848963762 228.887501777542 -8.843558309879 93.1560780507521
-4.99157608601049 -24.5149887917146 -8.843558309879 25.7524070475949 0.906943230414288
14.5745128001215 5.98381850978578 93.1560780507521 0.906943230414288 103.16413729694
76.7334755842008 -12.8376587974194 3.64904930968578 -6.94680836504433 16.2291902799735
-12.8376587974194 354.862101652584 193.91872422428 -17.9615026751273 -2.81647152475848
3.64904930968578 193.91872422428 216.441260314566 -3.77926629652897 76.2298602934041
-6.94680836504433 -17.9615026751273 -3.77926629652897 21.3860329141949 4.66417022958412
16.2291902799735 -2.81647152475848 76.2298602934041 4.66417022958412 90.1201638420508
70.1433714862036 -21.5367213279539 -2.76855916684687 -5.06667848061987 13.9391372032693
-21.5367213279539 465.174680167586 244.050485171454 -15.0810308792398 0.363708736715977
-2.76855916684687 244.050485171454 239.376391303869 -0.879788723708057 74.6063701864023
-5.06667848061987 -15.0810308792398 -0.879788723708057 18.5245332948909 6.05280208763525
13.9391372032693 0.363708736715977 74.6063701864023 6.05280208763525 85.5349401783109
67.5255056891161 -24.275425138898 -6.32372364385052 -6.58021770909181 16.7020809501274
-24.275425138898 450.170584985916 258.988786621445 -8.71755192142619 -1.97811231095039
-6.32372364385052 258.988786621445 252.145197977428 1.0052036253513 69.5734889976367
-6.58021770909181 -8.71755192142619 1.0052036253513 16.9445409588394 5.73277525303428
16.7020809501274 -1.97811231095039 69.5734889976367 5.73277525303428 79.338030678568
66.3987953844617 -26.7494374089095 -3.05047613714999 -5.76549310553323 17.0251099255875
-26.7494374089095 561.473711226899 295.526194085033 -13.8655017261779 1.3253211624078
-3.05047613714999 295.526194085033 263.138510179928 -1.75887794505945 68.7791048419936
-5.76549310553323 -13.8655017261779 -1.75887794505945 18.3198856492941 6.02048574174987
17.0251099255875 1.3253211624078 68.7791048419936 6.02048574174987 80.0651270580023
62.8109991370998 -32.5399641704322 -5.62322652047521 -4.58375353512737 15.701033856395
-32.5399641704322 674.581795942037 343.944273021675 -8.57508770334358 3.63868549521912
-5.62322652047521 343.944273021675 278.818252154959 0.285156947317104 66.0092727752817
-4.58375353512737 -8.57508770334358 0.285156947317104 18.2243333459884 6.36615179282233
15.701033856395 3.63868549521912 66.0092727752817 6.36615179282233 77.9706693499942
64.8322693320572 -32.5581049900364 -5.33528263290665 -4.30974268978748 15.7411124352843
-32.5581049900364 580.036300889653 285.061123157193 -12.8571232267852 7.68274176120112
-5.33528263290665 285.061123157193 248.678143694195 -4.22881852653493 65.8406613464448
-4.30974268978748 -12.8571232267852 -4.22881852653493 18.3610149397925 4.39094992405665
15.7411124352843 7.68274176120112 65.8406613464448 4.39094992405665 71.5960087699931
63.2727820960181 -34.3337310087548 -3.67593379153554 -4.71852632947514 16.7374631119526
-34.3337310087548 727.238568927421 313.387204465117 -16.2669777049743 10.6988622625061
-3.67593379153554 313.387204465117 244.994856607855 -5.98282053882695 63.2481922743801
-4.71852632947514 -16.2669777049743 -5.98282053882695 19.3046047965691 2.58581177526726
16.7374631119526 10.6988622625061 63.2481922743801 2.58581177526726 69.457528429908
