1.80168896084672 0.237874607254344 -0.177578683930322 0.157523306773603 0.0717195044744997 0.0483922863159821
0.237874607254344 1.14352098437447 0.0461779370647747 -0.00713328850710624 -0.00483384904750308 0.00369687541439845
-0.177578683930322 0.0461779370647747 0.82274116968975 0.0133265032976541 0.0186623993430021 -0.0227272804215006
0.157523306773603 -0.00713328850710624 0.0133265032976541 0.490051812470749 0.016596824272131 0.0100892204703938
0.0717195044744997 -0.00483384904750308 0.0186623993430021 0.016596824272131 0.185274963539222 0.00243119958292331
0.0483922863159821 0.00369687541439845 -0.0227272804215006 0.0100892204703938 0.00243119958292331 0.0862798134775813
