1.83466592998073 0.246744504463777 -0.179487070380475 0.137002690517278 0.0695345680709613 0.0525066628796172
0.246744504463777 1.15608986206342 0.0580286538451154 -0.0090756261710553 -0.00262729128893913 0.0076970075980497
-0.179487070380475 0.0580286538451154 0.790573959591703 0.0276972533261463 0.025317189444309 -0.0226682256422863
0.137002690517278 -0.0090756261710553 0.0276972533261463 0.481599298940277 0.0151152559721245 0.00982240619747624
0.0695345680709613 -0.00262729128893913 0.025317189444309 0.0151152559721245 0.187007948541994 0.00228965038360287
0.0525066628796172 0.0076970075980497 -0.0226682256422863 0.00982240619747624 0.00228965038360287 0.0865926047783633
