1.91814726774946 0.287661448365628 -0.234599556508976 0.124555742014159 0.0613759830149236 0.0788583795711966
0.287661448365628 1.20406428409404 0.0870381186839603 0.0515167316265201 -0.0192417388779608 0.000922979591933116
-0.234599556508976 0.0870381186839603 0.732026141558859 0.0348145547883821 0.00261752639230233 -0.00990268207164679
0.124555742014159 0.0515167316265201 0.0348145547883821 0.465249151892634 0.0032365805207179 0.0202843396229319
0.0613759830149236 -0.0192417388779608 0.00261752639230233 0.0032365805207179 0.189611787208733 -0.00305505761751823
0.0788583795711966 0.000922979591933116 -0.00990268207164679 0.0202843396229319 -0.00305505761751823 0.0846515593814021
