2.01822919486139 0.298802700690415 -0.187925857823625 0.1448930778578 0.0752643286045596 0.0628217918042437
0.298802700690415 1.14113231204294 0.0858929663921939 0.0302430658941589 0.0106495299344066 0.00675696438142955
-0.187925857823625 0.0858929663921939 0.813681070298006 0.062618417257942 0.0366918693371001 -0.0174634414304928
0.1448930778578 0.0302430658941589 0.062618417257942 0.455528838080303 0.0175307249838707 0.0154371452967276
0.0752643286045596 0.0106495299344066 0.0366918693371001 0.0175307249838707 0.190236521931607 0.00105627676491568
0.0628217918042437 0.00675696438142955 -0.0174634414304928 0.0154371452967276 0.00105627676491568 0.0843478121278262
