1.79882693752018 0.259336801177459 -0.149555984692776 0.170639014534672 0.066084368458097 0.0390389165844506
0.259336801177459 1.14877380211866 0.0557413433519484 -0.00840713476505736 -0.00197589566629975 0.00402581572850706
-0.149555984692776 0.0557413433519484 0.849180995791111 0.0273024282769216 0.0210962930841373 -0.0188575997063609
0.170639014534672 -0.00840713476505736 0.0273024282769216 0.508572196718054 0.0137109959739943 0.0119582175703058
0.066084368458097 -0.00197589566629975 0.0210962930841373 0.0137109959739943 0.182769356411625 0.00143888579262813
0.0390389165844506 0.00402581572850706 -0.0188575997063609 0.0119582175703058 0.00143888579262813 0.0866658054369226
