1.80078763313392 0.243696141124672 -0.163295824297924 0.170534207473744 0.0721580843225978 0.0426589502469621
0.243696141124672 1.12385245498138 0.036951059219969 -0.00637414011522426 -0.000319100237081071 0.00401268976515131
-0.163295824297924 0.036951059219969 0.831070275459563 0.0140234658139621 0.0210854499093627 -0.0220389895628904
0.170534207473744 -0.00637414011522426 0.0140234658139621 0.500039428740267 0.0144258222075341 0.0105203633559332
0.0721580843225978 -0.000319100237081071 0.0210854499093627 0.0144258222075341 0.182997579521586 0.00334117430169578
0.0426589502469621 0.00401268976515131 -0.0220389895628904 0.0105203633559332 0.00334117430169578 0.0858625910177142
