1.95168742953608 0.291567770306694 -0.194956545539196 0.141844136900377 0.0697470318576897 0.0483036089824873
0.291567770306694 1.13987996330919 0.0604027964353601 0.0142308239943341 -0.00131858303631716 0.0047717223402387
-0.194956545539196 0.0604027964353601 0.794717773868291 0.0442908314799005 0.0299687713253588 -0.0135115887081744
0.141844136900377 0.0142308239943341 0.0442908314799005 0.467307376100588 0.0126957894970614 0.0118660293272734
0.0697470318576897 -0.00131858303631716 0.0299687713253588 0.0126957894970614 0.191665559047385 0.0010778070663779
0.0483036089824873 0.0047717223402387 -0.0135115887081744 0.0118660293272734 0.0010778070663779 0.0839236173907215
