1.96104833192648 0.230960844524113 -0.227165522518878 0.0354046449692996 0.0729620528691969 0.0720635232697354
0.230960844524113 1.25206283037475 0.061396895419163 -0.0461110561728692 -0.0205359438015857 -0.0104575595401871
-0.227165522518878 0.061396895419163 0.702978052478771 0.0948167699272918 -0.00223262096832099 0.00999270068657768
0.0354046449692996 -0.0461110561728692 0.0948167699272918 0.493063157224274 0.0247268931919906 0.0245907899573738
0.0729620528691969 -0.0205359438015857 -0.00223262096832099 0.0247268931919906 0.206470072913085 0.000708065803228846
0.0720635232697354 -0.0104575595401871 0.00999270068657768 0.0245907899573738 0.000708065803228846 0.0971510630106724
