1.81386069131372 0.216365605924113 -0.180581943199744 0.0911208562054556 0.0555428070947981 0.0613271794405882
0.216365605924113 1.2235173546196 0.0665000209941403 0.0235226679264924 -0.0302657703208847 -0.00624641801297736
-0.180581943199744 0.0665000209941403 0.682316619939743 0.0590090213723341 0.0112055524481065 0.00154608013927358
0.0911208562054556 0.0235226679264924 0.0590090213723341 0.466854032377102 0.0151604979134083 0.0252719477777021
0.0555428070947981 -0.0302657703208847 0.0112055524481065 0.0151604979134083 0.192600462389086 -0.00593327703584804
0.0613271794405882 -0.00624641801297736 0.00154608013927358 0.0252719477777021 -0.00593327703584804 0.088324985291789
