1.97300844730711 0.368226192596099 -0.21260121099725 0.122036997461592 0.0639675855590607 0.063447825108768
0.368226192596099 1.20756505256618 0.0908063337478252 0.0343146073206538 0.0222610658175657 0.00617142512200174
-0.21260121099725 0.0908063337478252 0.80063586770992 0.0681116914328441 0.0417328783199088 -0.0185546190112752
0.122036997461592 0.0343146073206538 0.0681116914328441 0.473714256494922 0.0150825807890574 0.0189772389209199
0.0639675855590607 0.0222610658175657 0.0417328783199088 0.0150825807890574 0.186783793159842 0.00170034286197694
0.063447825108768 0.00617142512200174 -0.0185546190112752 0.0189772389209199 0.00170034286197694 0.0838125509774815
