1.84857251530961 0.251514085956665 -0.174235004169764 0.134579044233789 0.0713084210232774 0.0516060634956026
0.251514085956665 1.15198116847235 0.057136869312802 0.00498355057011005 0.000975176852729167 0.00480601876698252
-0.174235004169764 0.057136869312802 0.793045663368748 0.0376395364442815 0.0272987885508862 -0.0150960792109108
0.134579044233789 0.00498355057011005 0.0376395364442815 0.468692444911314 0.0106183951400961 0.00803606266877683
0.0713084210232774 0.000975176852729167 0.0272987885508862 0.0106183951400961 0.189038431117627 0.00211523578762168
0.0516060634956026 0.00480601876698252 -0.0150960792109108 0.00803606266877683 0.00211523578762168 0.0865375478389203
