1.15043526058082 0.233032498885705 -0.0645636542433123 0.110642706702907 0.0488841631202847 0.0502692920791821
0.233032498885705 0.722015738652976 0.0609916047916336 0.0233036400979533 0.0146193453299702 -0.00630034832522713
-0.0645636542433123 0.0609916047916336 0.470366599695222 0.0355725244150492 0.0336164870120087 0.0055945465746322
0.110642706702907 0.0233036400979533 0.0355725244150492 0.260234216303105 0.0308156603976939 0.00977571836248198
0.0488841631202847 0.0146193453299702 0.0336164870120087 0.0308156603976939 0.114228850819574 0.00126964223265754
0.0502692920791821 -0.00630034832522713 0.0055945465746322 0.00977571836248198 0.00126964223265754 0.0499623447581489
