1.28523678058223 0.307651022924297 -0.163779598092173 0.0940826029886392 0.013536755844716 0.0870149408903142
0.307651022924297 0.808458538636157 0.102311091669938 0.052551879315864 -0.0442774300818291 -0.0209840605346085
-0.163779598092173 0.102311091669938 0.426844662184682 -0.0153249854794433 -0.00754670941353567 -0.00480185091989351
0.0940826029886392 0.052551879315864 -0.0153249854794433 0.253760842809149 0.00773705543573355 0.016589891408157
0.013536755844716 -0.0442774300818291 -0.00754670941353567 0.00773705543573355 0.114516021827193 -0.0103542848491974
0.0870149408903142 -0.0209840605346085 -0.00480185091989351 0.016589891408157 -0.0103542848491974 0.0566512849633408
