1.12167046115483 0.233314321301084 -0.134429468477654 0.0563194081485899 -0.00804474537789239 0.069331123608219
0.233314321301084 0.804676734243047 0.0821956623248733 0.0199048628985036 -0.04449291172669 -0.0276879539705345
-0.134429468477654 0.0821956623248733 0.365822695377456 0.0105803509086609 -0.00375706119979409 0.0174263191349087
0.0563194081485899 0.0199048628985036 0.0105803509086609 0.248656918129559 0.0187595693535612 0.0198467095099761
-0.00804474537789239 -0.04449291172669 -0.00375706119979409 0.0187595693535612 0.105526053922144 -0.00649453241755435
0.069331123608219 -0.0276879539705345 0.0174263191349087 0.0198467095099761 -0.00649453241755435 0.058068507966409
