1.26588313065221 0.270388360179502 -0.0743091176536085 0.12601608946052 0.0510009079886743 0.0717558479928536
0.270388360179502 0.733469808489105 0.08803974249806 0.0438378219519875 0.0120626200623939 -0.00669466557758165
-0.0743091176536085 0.08803974249806 0.501679207533191 0.0519024558928857 0.0436804920206507 -8.38629224293413e-05
0.12601608946052 0.0438378219519875 0.0519024558928857 0.260232836478117 0.0358007015450157 0.00908157321016667
0.0510009079886743 0.0120626200623939 0.0436804920206507 0.0358007015450157 0.113979980448963 0.000200859647492899
0.0717558479928536 -0.00669466557758165 -8.38629224293413e-05 0.00908157321016667 0.000200859647492899 0.0502504649117123
