1.04910498287958 0.185581144723843 -0.0259255012445207 0.0996882942444143 0.0468048307231686 0.0490406909441214
0.185581144723843 0.753231539192507 0.052813328181637 0.0192824314078531 0.0173888419119303 -0.00618191952778411
-0.0259255012445207 0.052813328181637 0.465901110196299 0.0385009532879554 0.0268207200782193 0.00810398917508821
0.0996882942444143 0.0192824314078531 0.0385009532879554 0.273869176292444 0.0300123982927244 0.00287172148090434
0.0468048307231686 0.0173888419119303 0.0268207200782193 0.0300123982927244 0.115498562200346 0.00306081923842487
0.0490406909441214 -0.00618191952778411 0.00810398917508821 0.00287172148090434 0.00306081923842487 0.0514251991445882
