1.24178949882209 0.354205332983593 -0.124643264872067 0.0834759732374995 0.0279953719521469 0.0733562411274257
0.354205332983593 0.809687109129406 0.0969526864549497 0.0471104723358399 0.0220078958238962 -0.00308396813656329
-0.124643264872067 0.0969526864549497 0.496825554857739 0.0535593151231578 0.053673052225702 -0.00467651528219936
0.0834759732374995 0.0471104723358399 0.0535593151231578 0.274890285874182 0.0282824234053732 0.0108720584208666
0.0279953719521469 0.0220078958238962 0.053673052225702 0.0282824234053732 0.108017344954433 -0.00126691438898017
0.0733562411274257 -0.00308396813656329 -0.00467651528219936 0.0108720584208666 -0.00126691438898017 0.0512054123781968
