1.15153502928575 0.267474181623087 -0.0965081685060272 0.0885577560665327 0.0131536496486455 0.0636327124898197
0.267474181623087 0.785239523788241 0.097404640192681 0.0450149372750378 -0.0171218686786992 -0.0179929257793222
-0.0965081685060272 0.097404640192681 0.451787113494852 0.0332455660039374 0.021186304895336 -0.00619132471205248
0.0885577560665327 0.0450149372750378 0.0332455660039374 0.255555566065085 0.0136210353935786 0.00481935677050227
0.0131536496486455 -0.0171218686786992 0.021186304895336 0.0136210353935786 0.107685461310282 -0.00983322276830722
0.0636327124898197 -0.0179929257793222 -0.00619132471205248 0.00481935677050227 -0.00983322276830722 0.0481840612004319
