0.99401791304076 0.176297870109617 -0.0372138290201461 0.0909442700038662 0.0432086880019181 0.0418341869569263
0.176297870109617 0.739738200778259 0.0365597792466498 0.00516319112813349 -0.00348133087453391 -0.00877702417667807
-0.0372138290201461 0.0365597792466498 0.438308638915252 0.0284885093728483 0.0191717351681031 0.00455909731161872
0.0909442700038662 0.00516319112813349 0.0284885093728483 0.277934354986656 0.0290510883917803 0.00405200646865137
0.0432086880019181 -0.00348133087453391 0.0191717351681031 0.0290510883917803 0.118236261887965 0.0046234888321474
0.0418341869569263 -0.00877702417667807 0.00455909731161872 0.00405200646865137 0.0046234888321474 0.0488582150239405
