1.02678768428342 0.19217630056559 -0.0450615624444388 0.121772306293246 0.0642249630271684 0.0340232593048445
0.19217630056559 0.703165090202221 0.0396707386198928 0.0196216520249922 0.00526329977751839 -0.00612056215794354
-0.0450615624444388 0.0396707386198928 0.500944796139136 0.0228009117823368 0.0237067644631695 0.0135787713003146
0.121772306293246 0.0196216520249922 0.0228009117823368 0.288756797965315 0.0285358368645733 0.00965668875078082
0.0642249630271684 0.00526329977751839 0.0237067644631695 0.0285358368645733 0.108685470361875 0.00712228764769291
0.0340232593048445 -0.00612056215794354 0.0135787713003146 0.00965668875078082 0.00712228764769291 0.0436020680370265
