1.02688091510266 0.183362875140838 -0.0373905641870154 0.0903372663205581 0.0479227267137302 0.0377508334288181
0.183362875140838 0.747444000391485 0.0485274215319987 0.00712951763802681 0.00849178100130934 -0.00795145123953716
-0.0373905641870154 0.0485274215319987 0.449738824892761 0.0316758870708881 0.0252851909260349 0.00158898822265284
0.0903372663205581 0.00712951763802681 0.0316758870708881 0.283965045689786 0.0345617234423737 0.0035864445851069
0.0479227267137302 0.00849178100130934 0.0252851909260349 0.0345617234423737 0.113936970449243 0.00384872816230839
0.0377508334288181 -0.00795145123953716 0.00158898822265284 0.0035864445851069 0.00384872816230839 0.0487362209976416
