1.0287642407846 0.212764052242944 -0.0266897591764139 0.12497762416242 0.0484058376510495 0.0328045619425466
0.212764052242944 0.727127738496349 0.0406803672275518 0.0193241144808772 0.00243231204114928 -0.00655202082395469
-0.0266897591764139 0.0406803672275518 0.506029613136686 0.0282060947920283 0.0212900577102341 0.0126939500254816
0.12497762416242 0.0193241144808772 0.0282060947920283 0.28710526723565 0.026322221413335 0.0102215016076782
0.0484058376510495 0.00243231204114928 0.0212900577102341 0.026322221413335 0.109945733806816 0.00296488153297252
0.0328045619425466 -0.00655202082395469 0.0126939500254816 0.0102215016076782 0.00296488153297252 0.0424341391145742
