0.997273565026263 0.186085650606548 -0.0375781439574459 0.116906569014121 0.0560912797549687 0.0350358697892484
0.186085650606548 0.698496927933107 0.0209751263354065 0.00753569931604427 0.0107765605850527 -0.0101649514037972
-0.0375781439574459 0.0209751263354065 0.476289235295286 0.0286178881076561 0.0219198920392159 0.00892190739486613
0.116906569014121 0.00753569931604427 0.0286178881076561 0.288839338320129 0.0291945863218635 0.00602561145128953
0.0560912797549687 0.0107765605850527 0.0219198920392159 0.0291945863218635 0.109620298235126 0.00647798475626298
0.0350358697892484 -0.0101649514037972 0.00892190739486613 0.00602561145128953 0.00647798475626298 0.0442027006078962
